L001,1729623.938,8205346.102,49,0473650,3,4052754
L002,1729630.404,8205357.152,49,0474641,3,4053647
L003,1729639.509,8205363.186,49,0475179,3,4054897
L004,1729632.939,8205362.863,49,0475153,3,4053998
L005,1729645.505,8205367.199,49,0475537,3,4055720
L006,1729651.061,8205363.790,49,0475228,3,4056478
L007,1729652.763,8205369.328,49,0475725,3,4056715
L008,1729655.484,8205374.823,49,0476218,3,4057091
L009,1729653.775,8205378.415,49,0476542,3,4056860
L010,1729649.851,8205378.551,49,0476556,3,4056323
L011,1729647.695,8205378.186,49,0476524,3,4056028
L012,1729625.040,8205361.878,49,0475069,3,4052917
L013,1729618.531,8205366.084,49,0475450,3,4052029
L014,1729621.101,8205375.041,49,0476254,3,4052387
L015,1729642.147,8205378.370,49,0476543,3,4055269
L016,1729636.194,8205378.425,49,0476551,3,4054455
L017,1729629.581,8205372.345,49,0476008,3,4053545
L018,1729632.247,8205369.512,49,0475752,3,4053908
L019,1729633.249,8205378.524,49,0476562,3,4054052
L020,1729646.968,8205373.057,49,0476063,3,4055925
L021,1729643.072,8205372.269,49,0475994,3,4055391
L022,1729636.772,8205374.112,49,0476163,3,4054531
L023,1729631.466,8205374.270,49,0476180,3,4053805
L024,1729652.353,8205358.150,49,0474720,3,4056650
L025,1729631.680,8205345.507,49,0473593,3,4053813
L026,1729627.223,8205378.545,49,0476566,3,4053227
L027,1729653.061,8205385.222,49,0477154,3,4056767
L028,1729648.656,8205387.952,49,0477402,3,4056166
L029,1729656.746,8205393.190,49,0477869,3,4057277
L030,1729647.102,8205396.581,49,0478179,3,4055960
L031,1729645.274,8205402.800,49,0478739,3,4055715
L032,1729639.111,8205403.302,49,0478787,3,4054872
L033,1729635.868,8205403.244,49,0478783,3,4054428
L034,1729626.992,8205403.122,49,0478777,3,4053214
L035,1729622.090,8205404.356,49,0478890,3,4052544
L036,1729647.730,8205374.103,49,0476157,3,4056030
L037,1729641.827,8205370.723,49,0475856,3,4055220
L038,1729640.963,8205371.861,49,0475959,3,4055102
L039,1729638.870,8205371.655,49,0475941,3,4054816
L040,1729637.959,8205371.667,49,0475943,3,4054691
L041,1729637.292,8205371.559,49,0475933,3,4054600
L042,1729636.364,8205371.599,49,0475937,3,4054473
L043,1729635.434,8205371.738,49,0475950,3,4054346
L044,1729635.041,8205373.947,49,0476149,3,4054294
L045,1729633.791,8205370.605,49,0475849,3,4054120
L046,1729638.962,8205373.876,49,0476141,3,4054830
L047,1729643.501,8205373.026,49,0476062,3,4055450
L048,1729641.750,8205371.751,49,0475948,3,4055210
L049,1729641.262,8205369.494,49,0475746,3,4055141
L050,1729637.988,8205370.921,49,0475876,3,4054695
L051,1729647.346,8205371.424,49,0475916,3,4055975
L052,1729647.929,8205373.318,49,0476086,3,4056056
L053,1729632.344,8205371.211,49,0475904,3,4053923
L054,1729643.836,8205375.250,49,0476262,3,4055498
L055,1729643.666,8205378.235,49,0476531,3,4055477
L056,1729640.693,8205375.532,49,0476289,3,4055068
L057,1729637.546,8205375.557,49,0476293,3,4054637
L058,1729634.838,8205375.697,49,0476307,3,4054267
L059,1729635.024,8205378.419,49,0476551,3,4054295
L060,1729635.116,8205381.028,49,0476786,3,4054309
L061,1729637.856,8205381.151,49,0476796,3,4054684
L062,1729647.770,8205383.504,49,0477002,3,4056042
L063,1729646.007,8205385.044,49,0477142,3,4055802
L064,1729642.926,8205383.194,49,0476977,3,4055379
L065,1729639.718,8205383.476,49,0477004,3,4054940
L066,1729636.727,8205383.182,49,0476979,3,4054531
L067,1729633.933,8205382.122,49,0476885,3,4054148
L068,1729630.212,8205381.558,49,0476836,3,4053639
L069,1729648.457,8205382.775,49,0476937,3,4056135
L070,1729647.240,8205383.991,49,0477047,3,4055970
L071,1729642.097,8205381.273,49,0476805,3,4055264
L072,1729642.766,8205384.643,49,0477107,3,4055358
L073,1729638.639,8205382.560,49,0476922,3,4054792
L074,1729638.538,8205390.238,49,0477612,3,4054784
L075,1729644.161,8205385.431,49,0477177,3,4055550
L076,1729643.106,8205385.454,49,0477180,3,4055405
L077,1729642.041,8205385.559,49,0477190,3,4055260
L078,1729641.044,8205385.632,49,0477197,3,4055123
L079,1729640.052,8205385.614,49,0477196,3,4054988
L080,1729639.474,8205385.757,49,0477209,3,4054909
L081,1729637.339,8205385.826,49,0477216,3,4054617
L082,1729638.685,8205384.638,49,0477109,3,4054800
L083,1729643.698,8205378.272,49,0476534,3,4055481
L084,1729636.419,8205375.065,49,0476249,3,4054483
L085,1729635.403,8205378.684,49,0476575,3,4054347
L086,1729638.174,8205381.290,49,0476808,3,4054728
L087,1729641.267,8205395.625,49,0478096,3,4055161
L088,1729641.595,8205397.444,49,0478259,3,4055207
L089,1729639.129,8205394.091,49,0477959,3,4054868
L090,1729634.158,8205388.053,49,0477418,3,4054183
L091,1729634.652,8205396.468,49,0478175,3,4054257
L092,1729626.192,8205399.415,49,0478444,3,4053102
L093,1729625.186,8205391.584,49,0477740,3,4052958
L094,1729619.547,8205383.785,49,0477041,3,4052181
L095,1729633.029,8205384.275,49,0477079,3,4054026
L096,1729634.301,8205384.350,49,0477085,3,4054200
L097,1729636.469,8205382.509,49,0476918,3,4054495
L098,1729633.597,8205382.570,49,0476925,3,4054102
L099,1729633.577,8205372.276,49,0476000,3,4054092
L100,1729634.298,8205374.132,49,0476166,3,4054192
L103,1729644.873,8205371.463,49,0475921,3,4055637
L104,1729641.131,8205372.040,49,0475975,3,4055125
L105,1729633.463,8205372.104,49,0475984,3,4054076
L107,1729665.686,8205394.712,49,0478002,3,4058501
L108,1729673.365,8205379.416,49,0476623,3,4059540
L109,1729658.595,8205383.953,49,0477038,3,4057523
L110,1729640.756,8205369.443,49,0475741,3,4055072
L111,1729605.478,8205386.247,49,0477269,3,4050258
L112,1729609.152,8205381.559,49,0476846,3,4050757